0 1.71088462409043318146
1 0.62409578949771260525
2 0.62409578949771260525
3 0.62409578949771260525
4 0.62409578949771260525
5 0.10504128638004717189
6 0.10504128638004717189
7 0.10504128638004717189
8 0.05032291020906187740
9 0.05032291020906187740
10 0.05032291020906187740
11 0.04322585925518085403
12 0.02719019388080967659
13 0.01217637520631997816
14 0.00588114145844942371
15 0.00588114145844942371
16 0.00341626888297286158
17 0.00268037821756594852
18 0.00189440629757386958
19 0.00035974392375281994
20 0.00027706857537568297
21 0.00025718555553000400
22 0.00025718555553000400
23 0.00025718555553000400
24 0.00009250295681129117
25 0.00009250295681129117
26 0.00005910533155928377
27 0.00004381901018080114
28 0.00002293301807343440
29 0.00002293301807343440
30 0.00002178734395430482
31 0.00001989200860608165
32 0.00000994184349112359
33 0.00000517152383894270
34 0.00000380515527043102
35 0.00000062478824647272
36 0.00000062478824647272
37 0.00000062478824647272
38 0.00000062478824647272
39 0.00000062478824647272
40 0.00000062478824647272
41 0.00000056954293770062
42 0.00000050276677088235
43 0.00000040556559399718
44 0.00000015064679503851
45 0.00000015064679503851
46 0.00000015064679503851
47 0.00000005302076688807
48 0.00000005302076688807
49 0.00000005302076688807
50 0.00000003114039204277
51 0.00000002696150547266
52 0.00000002696150547266
53 0.00000001735107035827
54 0.00000001519980985520
55 0.00000001519980985520
56 0.00000000592966431512
57 0.00000000592966431512
58 0.00000000592966431512
59 0.00000000592966431512
60 0.00000000424907442564
61 0.00000000028232038929
62 0.00000000028232038929
63 0.00000000028232038929
64 0.00000000022046409143
65 0.00000000022046409143
66 0.00000000022046409143
67 0.00000000022046409143
68 0.00000000022046409143
69 0.00000000022046409143
70 0.00000000022046409143
71 0.00000000022046409143
72 0.00000000022046409143
73 0.00000000022046409143
74 0.00000000022026869217
75 0.00000000016341816789
76 0.00000000016341816789
77 0.00000000009080425301
78 0.00000000009080425301
79 0.00000000009080425301
80 0.00000000009080425301
81 0.00000000007234080002
82 0.00000000002168620838
83 0.00000000002168620838
84 0.00000000002168620838
85 0.00000000002168620838
86 0.00000000002168620838
87 0.00000000002168620838
88 0.00000000002168620838
89 0.00000000002168620838
90 0.00000000002168620838
91 0.00000000000751443352
92 0.00000000000575228754
93 0.00000000000575228754
94 0.00000000000575228754
95 0.00000000000575228754
96 0.00000000000575228754
97 0.00000000000575228754
98 0.00000000000575228754
99 0.00000000000575228754
