0 0.40613654060724657668
1 0.23253002773489983568
2 0.23253002773489983568
3 0.15293857891088835643
4 0.14491795502809923235
5 0.12741229308543866594
6 0.06498513208648803996
7 0.02741120923009576771
8 0.02548936398791967761
9 0.00985433584356032455
10 0.00985433584356032455
11 0.00359980427396822122
12 0.00359980427396822122
13 0.00241713925200004454
14 0.00241713925200004454
15 0.00049995143976433454
16 0.00049995143976433454
17 0.00049995143976433454
18 0.00013657972977343391
19 0.00013657972977343391
20 0.00013610370357186596
21 0.00013610370357186596
22 0.00012425506644264672
23 0.00012425506644264672
24 0.00007440140496628445
25 0.00007440140496628445
26 0.00007440140496628445
27 0.00004551587458623274
28 0.00002027969366169557
29 0.00002027969366169557
30 0.00002027969366169557
31 0.00001932345637145616
32 0.00001932345637145616
33 0.00000584803056513650
34 0.00000584803056513650
35 0.00000584803056513650
36 0.00000115334836836567
37 0.00000067054175589831
38 0.00000052133420824774
39 0.00000049545997926614
40 0.00000028819555142334
41 0.00000028819555142334
42 0.00000005711108430617
43 0.00000005711108430617
44 0.00000005711108430617
45 0.00000004666172914725
46 0.00000004666172914725
47 0.00000003172771245730
48 0.00000002002586940719
49 0.00000001486193257350
50 0.00000000991522641769
51 0.00000000991522641769
52 0.00000000991522641769
53 0.00000000528991650484
54 0.00000000528991650484
55 0.00000000328798721583
56 0.00000000205761141459
57 0.00000000202369365709
58 0.00000000095207797202
59 0.00000000041735903622
60 0.00000000041735903622
61 0.00000000041735903622
62 0.00000000023911939095
63 0.00000000023911939095
64 0.00000000021714940956
65 0.00000000021714940956
66 0.00000000021714940956
67 0.00000000014339152088
68 0.00000000011327516702
69 0.00000000005094635824
70 0.00000000005094635824
71 0.00000000005094635824
72 0.00000000002742384098
73 0.00000000002742384098
74 0.00000000001729505428
75 0.00000000001729505428
76 0.00000000001729505428
77 0.00000000001729505428
78 0.00000000001729505428
79 0.00000000001729505428
80 0.00000000001729505428
81 0.00000000001291811103
82 0.00000000001291811103
83 0.00000000001291811103
84 0.00000000001291811103
85 0.00000000001291811103
86 0.00000000001291811103
87 0.00000000001291811103
88 0.00000000000761035679
89 0.00000000000761035679
90 0.00000000000653388454
91 0.00000000000653388454
92 0.00000000000653388454
93 0.00000000000653388454
94 0.00000000000653388454
95 0.00000000000653388454
96 0.00000000000653388454
97 0.00000000000653388454
98 0.00000000000653388454
99 0.00000000000653388454
