0 2.48877613530417152177
1 0.81839920247751551940
2 0.81839920247751551940
3 0.81839920247751551940
4 0.28950522321941862813
5 0.16085283310385323219
6 0.16085283310385323219
7 0.16085283310385323219
8 0.16085283310385323219
9 0.05481630012388594153
10 0.05437258169030956267
11 0.01237389069754302184
12 0.00554351658920326784
13 0.00554351658920326784
14 0.00554351658920326784
15 0.00554351658920326784
16 0.00554351658920326784
17 0.00355282371806397990
18 0.00251395664910747385
19 0.00154384939826046619
20 0.00154384939826046619
21 0.00076095114822694043
22 0.00076095114822694043
23 0.00076095114822694043
24 0.00012764631380735025
25 0.00012764631380735025
26 0.00012764631380735025
27 0.00007715961402654514
28 0.00002601953047731698
29 0.00002601953047731698
30 0.00002601953047731698
31 0.00002601953047731698
32 0.00001415726337983259
33 0.00000334561398718236
34 0.00000275920692915932
35 0.00000275920692915932
36 0.00000180697407659025
37 0.00000126413831624816
38 0.00000016294797378080
39 0.00000016294797378080
40 0.00000009078953100428
41 0.00000009078953100428
42 0.00000004255018071220
43 0.00000003987264962646
44 0.00000002727520298507
45 0.00000001509399583099
46 0.00000001509399583099
47 0.00000001097444668474
48 0.00000000783469689125
49 0.00000000639363451072
50 0.00000000418723944406
51 0.00000000399058253109
52 0.00000000208976347338
53 0.00000000042974379610
54 0.00000000042974379610
55 0.00000000042974379610
56 0.00000000036325831232
57 0.00000000036325831232
58 0.00000000036325831232
59 0.00000000036325831232
60 0.00000000025016833050
61 0.00000000011435519198
62 0.00000000011435519198
63 0.00000000011435519198
64 0.00000000010227596547
65 0.00000000005956168891
66 0.00000000005956168891
67 0.00000000005956168891
68 0.00000000003237632384
69 0.00000000003237632384
70 0.00000000003237632384
71 0.00000000003237632384
72 0.00000000002825162326
73 0.00000000002825162326
74 0.00000000002825162326
75 0.00000000002825162326
76 0.00000000002602762450
77 0.00000000002554090273
78 0.00000000002554090273
79 0.00000000002554090273
80 0.00000000001543343231
81 0.00000000000744693196
82 0.00000000000744693196
83 0.00000000000744693196
84 0.00000000000744693196
85 0.00000000000744693196
86 0.00000000000744693196
87 0.00000000000744693196
88 0.00000000000744693196
89 0.00000000000744693196
90 0.00000000000744693196
91 0.00000000000744693196
92 0.00000000000744693196
93 0.00000000000706679160
94 0.00000000000706679160
95 0.00000000000706679160
96 0.00000000000580557824
97 0.00000000000580557824
98 0.00000000000580557824
99 0.00000000000580557824
