0 2.16783408036155877952
1 1.09633703991488262730
2 0.58933009081291176656
3 0.58933009081291176656
4 0.29719971756149776709
5 0.29719971756149776709
6 0.29719971756149776709
7 0.29719971756149776709
8 0.05413800465033391518
9 0.05413800465033391518
10 0.03275959114886761725
11 0.01294498758166939822
12 0.01294498758166939822
13 0.00946578570630096650
14 0.00317220675423657283
15 0.00174364753402089789
16 0.00174364753402089789
17 0.00174364753402089789
18 0.00093855614209958915
19 0.00057406572275242596
20 0.00012388490170822664
21 0.00012388490170822664
22 0.00010739956691852015
23 0.00007826615474515464
24 0.00001563766440826342
25 0.00001563766440826342
26 0.00000825366064960420
27 0.00000518095912527272
28 0.00000518095912527272
29 0.00000508776281948897
30 0.00000035721290148061
31 0.00000035721290148061
32 0.00000019098694581388
33 0.00000019098694581388
34 0.00000015276377896001
35 0.00000003506420087618
36 0.00000003506420087618
37 0.00000003288941430313
38 0.00000002854539760122
39 0.00000002104743090925
40 0.00000001659600501469
41 0.00000001659600501469
42 0.00000001451019970844
43 0.00000001451019970844
44 0.00000001451019970844
45 0.00000001091205392711
46 0.00000000985894788030
47 0.00000000176297421106
48 0.00000000176297421106
49 0.00000000176297421106
50 0.00000000150847911939
51 0.00000000150847911939
52 0.00000000075006356681
53 0.00000000022323876081
54 0.00000000022323876081
55 0.00000000022323876081
56 0.00000000022323876081
57 0.00000000022323876081
58 0.00000000022323876081
59 0.00000000015502665818
60 0.00000000010653922189
61 0.00000000010653922189
62 0.00000000010653922189
63 0.00000000010653922189
64 0.00000000010653922189
65 0.00000000010594591870
66 0.00000000009945511081
67 0.00000000009880141150
68 0.00000000009880141150
69 0.00000000009880141150
70 0.00000000008248024486
71 0.00000000008248024486
72 0.00000000008012834840
73 0.00000000008012834840
74 0.00000000003174038810
75 0.00000000003174038810
76 0.00000000001130517902
77 0.00000000001130517902
78 0.00000000001130517902
79 0.00000000001130517902
80 0.00000000001130517902
81 0.00000000001130517902
82 0.00000000000896038799
83 0.00000000000896038799
84 0.00000000000664046595
85 0.00000000000664046595
86 0.00000000000664046595
87 0.00000000000533662003
88 0.00000000000533662003
89 0.00000000000533662003
90 0.00000000000533662003
91 0.00000000000533662003
92 0.00000000000533662003
93 0.00000000000533662003
94 0.00000000000533662003
95 0.00000000000190469862
96 0.00000000000190469862
97 0.00000000000190469862
98 0.00000000000190469862
99 0.00000000000190469862
