0 1.34193217789662044837
1 1.34193217789662044837
2 1.34193217789662044837
3 1.16633142935804601237
4 0.89047136945762916937
5 0.80900397934050305437
6 0.60801555484561875531
7 0.45671900343182914028
8 0.14480069333953027311
9 0.13547576317539666846
10 0.04631806695023188425
11 0.04631806695023188425
12 0.04631806695023188425
13 0.04182942207555528924
14 0.02395108353749764163
15 0.00627057721126478285
16 0.00627057721126478285
17 0.00627057721126478285
18 0.00512968162881266565
19 0.00350126826417040959
20 0.00299481026733205979
21 0.00106797495444554968
22 0.00087911273380614219
23 0.00081973978572991157
24 0.00036952246723176430
25 0.00036798752587730021
26 0.00036798752587730021
27 0.00009356588164566304
28 0.00009356588164566304
29 0.00009356588164566304
30 0.00009356588164566304
31 0.00005465360355616511
32 0.00004203011960557390
33 0.00002687681408675147
34 0.00000684338020962016
35 0.00000684338020962016
36 0.00000261015360480954
37 0.00000219640244525365
38 0.00000201775080244104
39 0.00000120711428808207
40 0.00000094849782472650
41 0.00000042879876405166
42 0.00000015441365919244
43 0.00000007454169947962
44 0.00000007454169947962
45 0.00000004397320241267
46 0.00000004397320241267
47 0.00000002731483705887
48 0.00000000298187829983
49 0.00000000298187829983
50 0.00000000298187829983
51 0.00000000298187829983
52 0.00000000298187829983
53 0.00000000298187829983
54 0.00000000132133282094
55 0.00000000132133282094
56 0.00000000132133282094
57 0.00000000132133282094
58 0.00000000132133282094
59 0.00000000102319619444
60 0.00000000102319619444
61 0.00000000078258866054
62 0.00000000078258866054
63 0.00000000072030958975
64 0.00000000034580738273
65 0.00000000034580738273
66 0.00000000024861224190
67 0.00000000024861224190
68 0.00000000016274670500
69 0.00000000016274670500
70 0.00000000016274670500
71 0.00000000016274670500
72 0.00000000016274670500
73 0.00000000016274670500
74 0.00000000009682610269
75 0.00000000008179457112
76 0.00000000008179457112
77 0.00000000008179457112
78 0.00000000008179457112
79 0.00000000008179457112
80 0.00000000006204858849
81 0.00000000006204858849
82 0.00000000004642020102
83 0.00000000001964339802
84 0.00000000001964339802
85 0.00000000001964339802
86 0.00000000001964339802
87 0.00000000001964339802
88 0.00000000001964339802
89 0.00000000001964339802
90 0.00000000001939115535
91 0.00000000001939115535
92 0.00000000001939115535
93 0.00000000001855982035
94 0.00000000001855982035
95 0.00000000001855982035
96 0.00000000001855982035
97 0.00000000001855982035
98 0.00000000001095701307
99 0.00000000000558530999
