0 2.17035041379906390446
1 0.85891411146369067708
2 0.85891411146369067708
3 0.85891411146369067708
4 0.38046616707329805607
5 0.38046616707329805607
6 0.21918266652064177791
7 0.21918266652064177791
8 0.00493014197666186149
9 0.00493014197666186149
10 0.00493014197666186149
11 0.00435692623202799112
12 0.00396370438797477576
13 0.00332863703571861791
14 0.00324806756711071287
15 0.00054374129542056338
16 0.00034142658842428730
17 0.00034142658842428730
18 0.00020500440261317365
19 0.00020500440261317365
20 0.00009931731301238145
21 0.00007554443039170522
22 0.00002624709751275489
23 0.00001755910195955224
24 0.00000572876543403211
25 0.00000572876543403211
26 0.00000508263925569352
27 0.00000413673391053138
28 0.00000413673391053138
29 0.00000248759907650609
30 0.00000248759907650609
31 0.00000248759907650609
32 0.00000169357787216384
33 0.00000150589017566816
34 0.00000097054091741100
35 0.00000097054091741100
36 0.00000047584373108478
37 0.00000032581555275968
38 0.00000032581555275968
39 0.00000010212315304514
40 0.00000010212315304514
41 0.00000010212315304514
42 0.00000010212315304514
43 0.00000010212315304514
44 0.00000004097649553003
45 0.00000004097649553003
46 0.00000002540573662557
47 0.00000002540573662557
48 0.00000002540573662557
49 0.00000000343530048852
50 0.00000000343530048852
51 0.00000000343530048852
52 0.00000000203766647999
53 0.00000000032118352422
54 0.00000000032118352422
55 0.00000000032118352422
56 0.00000000032118352422
57 0.00000000032118352422
58 0.00000000032118352422
59 0.00000000032118352422
60 0.00000000018746293406
61 0.00000000018746293406
62 0.00000000018746293406
63 0.00000000018746293406
64 0.00000000018746293406
65 0.00000000014689804928
66 0.00000000005197664521
67 0.00000000005197664521
68 0.00000000005197664521
69 0.00000000005197664521
70 0.00000000005197664521
71 0.00000000002969757773
72 0.00000000002969757773
73 0.00000000002969757773
74 0.00000000002835465196
75 0.00000000002835465196
76 0.00000000001797006988
77 0.00000000001689359763
78 0.00000000001689359763
79 0.00000000001689359763
80 0.00000000001689359763
81 0.00000000001689359763
82 0.00000000001689359763
83 0.00000000001689359763
84 0.00000000001689359763
85 0.00000000001689359763
86 0.00000000001689359763
87 0.00000000001689359763
88 0.00000000001178479536
89 0.00000000001178479536
90 0.00000000001178479536
91 0.00000000001178479536
92 0.00000000000667244038
93 0.00000000000667244038
94 0.00000000000667244038
95 0.00000000000667244038
96 0.00000000000271827005
97 0.00000000000271827005
98 0.00000000000271827005
99 0.00000000000256550337
