0 1.52979866267157804671
1 1.52979866267157804671
2 0.65993160872514922133
3 0.31463073632016191894
4 0.31463073632016191894
5 0.18358545630884792743
6 0.18358545630884792743
7 0.18358545630884792743
8 0.04682221708978362429
9 0.02209555098365756365
10 0.01967164076729632782
11 0.00695013646170794530
12 0.00447096915459654909
13 0.00229747465056862055
14 0.00125434748028796506
15 0.00070648809430240433
16 0.00070648809430240433
17 0.00027219586853677313
18 0.00027006986197664062
19 0.00014391053902373940
20 0.00013945592590092204
21 0.00007162862625564870
22 0.00003442105863671330
23 0.00003442105863671330
24 0.00001537147017360851
25 0.00000484681540457998
26 0.00000282224902337092
27 0.00000204928413838346
28 0.00000132628059335005
29 0.00000050248293748112
30 0.00000042860893545438
31 0.00000031656105337063
32 0.00000022218387529804
33 0.00000007324293749278
34 0.00000007324293749278
35 0.00000007324293749278
36 0.00000002398578091700
37 0.00000002398578091700
38 0.00000002398578091700
39 0.00000001114420244974
40 0.00000000772350761125
41 0.00000000764563212741
42 0.00000000764563212741
43 0.00000000488969975621
44 0.00000000400824662350
45 0.00000000169831126939
46 0.00000000143326817081
47 0.00000000109210107624
48 0.00000000109210107624
49 0.00000000109210107624
50 0.00000000109210107624
51 0.00000000073714234716
52 0.00000000040663694634
53 0.00000000040663694634
54 0.00000000040663694634
55 0.00000000040663694634
56 0.00000000016756063204
57 0.00000000016756063204
58 0.00000000013794876352
59 0.00000000013794876352
60 0.00000000013794876352
61 0.00000000013794876352
62 0.00000000013794876352
63 0.00000000005659162028
64 0.00000000002824807055
65 0.00000000002824807055
66 0.00000000002824807055
67 0.00000000002824807055
68 0.00000000002824807055
69 0.00000000002824807055
70 0.00000000002590683224
71 0.00000000002590683224
72 0.00000000002590683224
73 0.00000000002590683224
74 0.00000000000799049715
75 0.00000000000799049715
76 0.00000000000799049715
77 0.00000000000799049715
78 0.00000000000799049715
79 0.00000000000526201305
80 0.00000000000526201305
81 0.00000000000526201305
82 0.00000000000526201305
83 0.00000000000493516339
84 0.00000000000331867867
85 0.00000000000331867867
86 0.00000000000331867867
87 0.00000000000331867867
88 0.00000000000331867867
89 0.00000000000021715962
90 0.00000000000021715962
91 0.00000000000021715962
92 0.00000000000021715962
93 0.00000000000021715962
94 0.00000000000021715962
95 0.00000000000021715962
96 0.00000000000021715962
97 0.00000000000021715962
98 0.00000000000021715962
99 0.00000000000021715962
