0 2.34374339630958461456
1 1.02804199208585389513
2 0.95683018580337320103
3 0.95683018580337320103
4 0.03791835317794012283
5 0.03791835317794012283
6 0.02932583692403456510
7 0.02150029776776252177
8 0.00748156071143002421
9 0.00669682060086929098
10 0.00605548350134954561
11 0.00324185060706527750
12 0.00324185060706527750
13 0.00138239633807701878
14 0.00138239633807701878
15 0.00047730738912621362
16 0.00047730738912621362
17 0.00031238236615793724
18 0.00008046841304976127
19 0.00008046841304976127
20 0.00007000382276034500
21 0.00006069184716084308
22 0.00004242930822373481
23 0.00002643065153096202
24 0.00002252658471890712
25 0.00000544162455584640
26 0.00000450988491751403
27 0.00000450988491751403
28 0.00000344705215171714
29 0.00000192693459100113
30 0.00000165917085981349
31 0.00000128319533532206
32 0.00000040950736535095
33 0.00000017969117083183
34 0.00000017969117083183
35 0.00000006874359614883
36 0.00000006874359614883
37 0.00000006874359614883
38 0.00000005649621614978
39 0.00000001095089929848
40 0.00000001095089929848
41 0.00000000626283425120
42 0.00000000626283425120
43 0.00000000190647897469
44 0.00000000135536781798
45 0.00000000135536781798
46 0.00000000134831212861
47 0.00000000062472738094
48 0.00000000062472738094
49 0.00000000062472738094
50 0.00000000062472738094
51 0.00000000062472738094
52 0.00000000062472738094
53 0.00000000035368374895
54 0.00000000035368374895
55 0.00000000027303004302
56 0.00000000006240741257
57 0.00000000004235234385
58 0.00000000004235234385
59 0.00000000004235234385
60 0.00000000004235234385
61 0.00000000001902877855
62 0.00000000001902877855
63 0.00000000001902877855
64 0.00000000001902877855
65 0.00000000001902877855
66 0.00000000001902877855
67 0.00000000000934052835
68 0.00000000000934052835
69 0.00000000000934052835
70 0.00000000000934052835
71 0.00000000000934052835
72 0.00000000000934052835
73 0.00000000000934052835
74 0.00000000000934052835
75 0.00000000000934052835
76 0.00000000000934052835
77 0.00000000000934052835
78 0.00000000000934052835
79 0.00000000000934052835
80 0.00000000000934052835
81 0.00000000000185496063
82 0.00000000000185496063
83 0.00000000000185496063
84 0.00000000000185496063
85 0.00000000000185496063
86 0.00000000000185496063
87 0.00000000000185496063
88 0.00000000000185496063
89 0.00000000000185496063
90 0.00000000000185496063
91 0.00000000000185496063
92 0.00000000000185496063
93 0.00000000000185496063
94 0.00000000000185496063
95 0.00000000000185496063
96 0.00000000000185496063
97 0.00000000000185496063
98 0.00000000000185496063
99 0.00000000000185496063
