0 0.56684668824325656900
1 0.55453151087214225257
2 0.55453151087214225257
3 0.55453151087214225257
4 0.24558414528332805915
5 0.20677457056053016871
6 0.11513234893804424885
7 0.11513234893804424885
8 0.03781456878213207418
9 0.03781456878213207418
10 0.00518538272637458775
11 0.00518538272637458775
12 0.00518538272637458775
13 0.00518538272637458775
14 0.00518538272637458775
15 0.00363069540716809414
16 0.00093768865708243609
17 0.00093768865708243609
18 0.00093768865708243609
19 0.00086237527502008859
20 0.00039936676736518351
21 0.00039936676736518351
22 0.00033519198661524641
23 0.00020057990327559949
24 0.00014184165383968050
25 0.00006990118508243270
26 0.00006990118508243270
27 0.00006990118508243270
28 0.00005433878230265421
29 0.00005433878230265421
30 0.00005433878230265421
31 0.00002395696842016903
32 0.00002207534049292192
33 0.00001975864976744290
34 0.00001975864976744290
35 0.00001131989652991550
36 0.00000297286679229458
37 0.00000297286679229458
38 0.00000291565857724052
39 0.00000240967213871457
40 0.00000213477961752417
41 0.00000211644735204075
42 0.00000152986997337123
43 0.00000126921093768217
44 0.00000107787064651532
45 0.00000066883613358826
46 0.00000007226738008015
47 0.00000007226738008015
48 0.00000007226738008015
49 0.00000007226738008015
50 0.00000004240320494731
51 0.00000004240320494731
52 0.00000004240320494731
53 0.00000004203237269351
54 0.00000001909474933726
55 0.00000001505648983269
56 0.00000001505648983269
57 0.00000000834261770777
58 0.00000000348543283124
59 0.00000000348543283124
60 0.00000000348543283124
61 0.00000000348543283124
62 0.00000000294194224537
63 0.00000000186948456715
64 0.00000000186948456715
65 0.00000000090288354571
66 0.00000000037596281643
67 0.00000000037596281643
68 0.00000000037596281643
69 0.00000000037596281643
70 0.00000000037596281643
71 0.00000000037596281643
72 0.00000000030201308121
73 0.00000000020343948748
74 0.00000000020343948748
75 0.00000000020343948748
76 0.00000000020343948748
77 0.00000000016696732885
78 0.00000000016696732885
79 0.00000000005309219731
80 0.00000000005309219731
81 0.00000000005309219731
82 0.00000000002186739678
83 0.00000000002186739678
84 0.00000000002186739678
85 0.00000000000160271796
86 0.00000000000160271796
87 0.00000000000160271796
88 0.00000000000160271796
89 0.00000000000160271796
90 0.00000000000160271796
91 0.00000000000160271796
92 0.00000000000160271796
93 0.00000000000160271796
94 0.00000000000160271796
95 0.00000000000160271796
96 0.00000000000160271796
97 0.00000000000160271796
98 0.00000000000160271796
99 0.00000000000160271796
