0 0.48692135020778026799
1 0.48692135020778026799
2 0.48692135020778026799
3 0.48692135020778026799
4 0.48692135020778026799
5 0.48692135020778026799
6 0.08256945459945841392
7 0.08256945459945841392
8 0.08256945459945841392
9 0.02951138770838968028
10 0.02433615903916264145
11 0.02433615903916264145
12 0.01656074781461258638
13 0.00613178371853040360
14 0.00370597972128239306
15 0.00370597972128239306
16 0.00214277393587680720
17 0.00102073749912223732
18 0.00102073749912223732
19 0.00069733170487085161
20 0.00038388444123826915
21 0.00038388444123826915
22 0.00020616154395058928
23 0.00008055601365031251
24 0.00004238263709455126
25 0.00004238263709455126
26 0.00002885872476143803
27 0.00002628210383948115
28 0.00000802452783377205
29 0.00000802452783377205
30 0.00000594289133148962
31 0.00000594289133148962
32 0.00000594289133148962
33 0.00000445258636405654
34 0.00000231980157794354
35 0.00000187650366756387
36 0.00000187650366756387
37 0.00000006812269193190
38 0.00000006812269193190
39 0.00000006812269193190
40 0.00000004255716534729
41 0.00000002703007995208
42 0.00000002703007995208
43 0.00000002703007995208
44 0.00000002033003143609
45 0.00000002033003143609
46 0.00000000858450777130
47 0.00000000287397883270
48 0.00000000287397883270
49 0.00000000287397883270
50 0.00000000287397883270
51 0.00000000216253370766
52 0.00000000200629246550
53 0.00000000200629246550
54 0.00000000175590431084
55 0.00000000055357007867
56 0.00000000055357007867
57 0.00000000023645485570
58 0.00000000016535794956
59 0.00000000016535794956
60 0.00000000016535794956
61 0.00000000016535794956
62 0.00000000016535794956
63 0.00000000016535794956
64 0.00000000016535794956
65 0.00000000016535794956
66 0.00000000007171552241
67 0.00000000007171552241
68 0.00000000007171552241
69 0.00000000005467315489
70 0.00000000005467315489
71 0.00000000005467315489
72 0.00000000004784839192
73 0.00000000004784839192
74 0.00000000004784839192
75 0.00000000001271560635
76 0.00000000001271560635
77 0.00000000001271560635
78 0.00000000001271560635
79 0.00000000001271560635
80 0.00000000001271560635
81 0.00000000001271560635
82 0.00000000001271560635
83 0.00000000001271560635
84 0.00000000001221467372
85 0.00000000001221467372
86 0.00000000001221467372
87 0.00000000001221467372
88 0.00000000001221467372
89 0.00000000001221467372
90 0.00000000001221467372
91 0.00000000001221467372
92 0.00000000001221467372
93 0.00000000001221467372
94 0.00000000001221467372
95 0.00000000001221467372
96 0.00000000001221467372
97 0.00000000000611821704
98 0.00000000000611821704
99 0.00000000000611821704
